1.202017135740731843e+07
2.825586369268737733e+06
2.055846038028945401e+07
1.601720092518265825e+06
4.759951215476957150e+05
5.696926848687818274e+06
6.856005743068187730e+05
4.787420606942023151e+05
1.899984386387943523e+06
1.121988024056126014e+05
4.181471943257641979e+06
4.934271521039711079e+05
4.181111869466432836e+06
1.842503503731463104e+06
1.451746245043404051e+05
1.164272283751877723e+06
1.585514040191592183e+06
3.141707348368403502e+06
4.052109632128364174e+05
1.220553992258268991e+05
2.112242969550386071e+06
1.170290241661459440e+05
1.179382500793040497e+06
4.785222347613347694e+06
5.747150029484147672e+05
9.583528790925696492e+06
4.070896789943173644e+05
1.095211531851329608e+06
1.737663107342066243e+06
1.465367893914485583e+06
4.916418816951707122e+05
3.463821090942343697e+06
5.669647983850353397e+06
2.500455333186810091e+07
4.625397195923578693e+05
1.464004254034860432e+07
7.735703803455324378e+05
1.284598191506592557e+06
4.516576709132201504e+05
1.018717767652537301e+07
2.680293368681442458e+06
7.237885629966940731e+06
4.567286076211236068e+05
2.021887990305935091e+05
3.450291632090367377e+06
1.085863487352017127e+07
6.562568531726653688e+06
3.418254126060453127e+05
9.906603988053814974e+05
1.473549935898162890e+06
1.523002964274135884e+06
2.261520347151115711e+05
4.051529093234690372e+06
2.168431315788568754e+05
2.123615538159631658e+06
3.502340095521815238e+05
5.841322401505900547e+06
4.570045613192933612e+06
2.955753007386689540e+06
6.927940842425912851e+05
1.099673020184906013e+07
4.077342013162047137e+06
3.980614012468025088e+06
3.166818734661150957e+05
3.435352476606008713e+05
2.802749941271635704e+06
3.799963380819495651e+05
1.383008941269238666e+07
6.538494566801263718e+05
9.015052039669520454e+05
2.657294116460852092e+05
2.506848419731136819e+05
3.425650282654089388e+05
1.601656248343304032e+06
7.958383812429035315e+05
1.955074992085210746e+06
8.491685111002471531e+05
1.070083073778389581e+07
1.939823863684885669e+06
3.744655393940852955e+06
2.213911694662063848e+06
7.452122465609994717e+06
4.389821547546268441e+06
8.104008052570494823e+06
3.004323748951144982e+06
3.080988095438159071e+05
4.299821378056269605e+05
9.282223679746574489e+05
4.407624607949270285e+05
1.477074300697327824e+06
8.749931410756185651e+05
2.229663541890977416e+06
2.908967215648726095e+06
2.140821818497612549e+05
2.944302741532147629e+05
1.952130432870925288e+05
4.723833803438505158e+06
1.972487061747139320e+06
1.146733514919557376e+06
5.402726053984867176e+05
1.655216576171348570e+06
3.133367835990812746e+05
3.449596754724078928e+05
5.749503480444523506e+06
6.790116994078434072e+06
1.076175375267535448e+06
2.609251648014391772e+06
2.725584931687225122e+06
2.581766809047028655e+05
6.424435137623484479e+05
6.701335934592485428e+06
3.364928183011480724e+05
8.314062410483536310e+06
3.903885218799117487e+06
1.548831247076511849e+06
7.570828110691277543e+05
5.288240620844655205e+05
2.415501580571358558e+06
3.742829951363026164e+06
1.433526344368738588e+06
8.525266161347139627e+06
1.462903420725374483e+06
3.822156418150041718e+06
1.684158099598536501e+05
7.204468690380344633e+05
3.109905842613779940e+06
2.595106923118052655e+05
7.599516944481445476e+06
1.566471047553004930e+06
1.599726826650196454e+06
7.540052292314561782e+05
9.450684049022531137e+06
1.160395695926596597e+07
1.802045630110906786e+05
1.517539042112753086e+05
7.195472998264984926e+05
1.107819796950355172e+07
1.392071592054803332e+05
2.068325171844897850e+05
4.730979840145897469e+05
4.295154357845839113e+06
2.664954695354906376e+06
2.634572469806123408e+05
3.606976108272378333e+05
5.164345749553751200e+06
1.325867958672170935e+05
2.392699621034184820e+05
3.470300579565772321e+06
1.890651121346712171e+05
1.550494268204447581e+05
3.678237768267352367e+05
1.331412940497499367e+05
2.382173061463952763e+05
1.255059870109159499e+06
8.201405312239428982e+06
7.381768188898958033e+05
9.068158571635363623e+06
5.463390190642033704e+06
3.088387132150609046e+06
1.035469725575221702e+07
1.969383799044722924e+06
1.461709807165949605e+07
5.357956163818598725e+06
5.545846569961456116e+05
1.026695516787750181e+06
1.839391498385486752e+07
6.531564061984154250e+04
2.297653330408051610e+06
1.114849530358568300e+06
4.035757054062955081e+06
1.152342942957738414e+06
1.372696022231760900e+06
3.979103710876743775e+06
1.274229117383664707e+06
5.428082913778160699e+06
5.490050312965987250e+06
1.509202933593464643e+07
4.133849320646283450e+05
5.479986771793892840e+05
2.262733546478823759e+06
2.101310450170817785e+06
1.887362996377276431e+05
3.326791439926134888e+06
1.022480163063132903e+06
8.829149839488720521e+06
3.679289546083944733e+05
3.320928828029657155e+07
5.339415022559302161e+05
2.775214766684528440e+07
1.129223909517403692e+06
2.079466910376522690e+06
3.282070826556154527e+06
3.805621537976513500e+05
1.144260526827745605e+06
6.940432392139799194e+05
5.079747660516659962e+05
9.406735240175986663e+06
3.033117116840741364e+05
4.345118870951784775e+06
3.118916531319480855e+05
6.099782132412695792e+05
2.073757172734641656e+07
4.352942589287317358e+06
7.296524249246352701e+04
1.569553891719996929e+07
4.397613855044943630e+05
1.971269556142217293e+07
5.690577144199885428e+06
1.220561481277920306e+06
1.561658290139595233e+07
1.813566550699928775e+06
1.793194141002194490e+06
1.039670362727951957e+06
4.689527441283175722e+05
1.772767154907247459e+05
8.117549412165919784e+05
1.520035834775695205e+07
3.135409303612418938e+06
1.943416923354692990e+05
1.219990405927743297e+06
8.750262770569739863e+06
8.853054746880430728e+06
5.654205259178552078e+05
3.326298590748974821e+05
9.118099707194203511e+06
1.791934794230940752e+05
4.494507943108196370e+06
2.701327550622388953e+05
2.248681661290940363e+06
1.799012641426588641e+06
1.106616693421594391e+05
1.309594140989441366e+05
2.594952141985173337e+06
6.816553952935387380e+06
5.010643260775103234e+06
1.639374679956334271e+07
3.581537671767116408e+05
1.362655095095269149e+06
2.560755596415783220e+05
5.593379754792004824e+05
3.150356325694757397e+05
9.544852542775979964e+05
2.175545699979621917e+06
6.506492808897109935e+05
1.331909685373461992e+07
5.723734975808970630e+06
1.160355306937156804e+07
1.413861569724364672e+05
3.988742606219547451e+05
3.274428463624225464e+06
